Solved:

April
21.04 - 1,198,283,657,771
22.04 - 136,70,448
26.04 - 766,121,39
27.04 - 279
28.04 - 231,807
30.04 - 268
3.05  - 504
4.05  - 415,617
5.05  - 461,191,190,389,804
6.05  - 338
8.05  - 226,728,507
15.05 - 104,111
16.05 - 543
19.05 - 287
23.05 - 53
24.05 - 21
29.05 - 476,342
30.05 - 371
1.06  - 344,35
3.06  - 832,844,258
5.06  - 628
6.06  - 206
7.06  - 238
8.06  - 821
10.06 - 169,155
13.06 - 7,9
14.06 - 58,69
15.06 - 88,100
16.06 - 189,125,217
17.06 - 849
18.06 - 203
19.06 - 46
21.06 - 345,66
22.06 - 2
23.06 - 463,695,78
24.06 - 859
25.06 - 263
26.06 - 204
27.06 - 20
28.06 - 3
29.06 - 14
30.06 - 83
1.07  - 67
4.07  - 200
9.01  - 938,929

Done with help:
198,39,617,543,53,371,628,206,203,46,2,695,859

